steps	mean	median	std	min	max
0	-0.1	-0.12	0.04	-0.15	-0.02
10000	-0.25	-0.22	0.4	-1.15	0.43
20000	-0.12	-0.12	0.01	-0.13	-0.11
30000	-0.12	-0.12	0.0	-0.12	-0.11
40000	-0.15	-0.15	0.01	-0.16	-0.12
50000	1.18	-0.03	2.52	-0.6	7.77
60000	4.81	5.58	1.88	1.07	6.64
70000	-0.15	-0.15	0.01	-0.16	-0.14
80000	-0.12	-0.12	0.01	-0.14	-0.12
90000	0.03	0.04	0.08	-0.12	0.16
100000	-0.48	-0.44	0.28	-1.23	-0.1
110000	1.81	0.56	2.49	0.12	7.81
120000	28.85	31.61	8.43	3.57	32.17
130000	67.21	70.73	17.5	33.08	86.04
140000	-0.16	-0.16	0.0	-0.17	-0.16
150000	3.7	1.51	6.25	0.92	22.38
160000	-0.13	-0.13	0.01	-0.14	-0.11
170000	0.46	-0.04	0.81	-0.09	2.34
180000	35.92	32.69	16.45	0.84	61.14
190000	16.04	18.16	11.74	2.13	36.43
200000	9.93	3.58	8.83	1.91	21.78
210000	10.84	3.07	10.9	2.01	33.43
220000	11.07	10.74	5.8	4.43	21.94
230000	9.71	3.42	11.2	1.73	34.91
240000	24.85	25.7	12.52	2.87	43.9
250000	13.42	16.61	6.47	2.36	20.14
260000	6.45	1.23	10.02	0.91	28.44
270000	-0.4	-0.37	0.07	-0.54	-0.3
280000	31.73	22.46	29.07	9.34	104.64
290000	19.7	22.64	6.25	10.5	28.86
300000	-0.14	-0.14	0.01	-0.16	-0.12
310000	0.6	0.59	0.05	0.53	0.72
320000	8.34	0.81	15.36	0.55	46.96
330000	0.64	0.47	0.38	0.35	1.57
340000	25.84	24.23	14.0	6.63	55.15
350000	26.52	32.34	17.37	0.59	56.73
360000	7.5	6.09	4.77	3.26	19.2
370000	20.2	13.51	18.22	2.37	49.03
380000	13.58	0.83	20.47	-0.02	54.88
390000	-0.19	-0.2	0.07	-0.31	-0.05
400000	-0.23	-0.24	0.1	-0.36	-0.04
410000	19.92	0.16	39.58	-0.17	99.2
420000	0.27	-0.1	1.12	-0.28	3.6
430000	-0.04	-0.04	0.05	-0.15	0.04
440000	20.71	0.36	37.52	-0.14	97.05
450000	-0.11	-0.1	0.05	-0.19	0.01
460000	37.72	32.62	33.46	0.24	98.52
470000	18.8	15.21	18.02	0.67	42.38
480000	0.16	0.14	0.07	0.06	0.31
490000	8.52	0.72	14.7	0.46	41.61
500000	17.04	0.46	30.11	0.32	97.67
510000	3.97	0.6	9.9	0.47	33.67
520000	0.36	0.36	0.04	0.27	0.41
530000	0.12	0.11	0.05	0.06	0.21
540000	13.64	0.63	27.18	0.12	83.34
550000	0.28	0.27	0.09	0.11	0.42
560000	0.23	0.23	0.08	0.1	0.34
570000	0.2	0.21	0.06	0.12	0.31
580000	0.1	0.09	0.04	0.05	0.17
590000	0.17	0.16	0.04	0.1	0.24
600000	0.86	0.51	0.95	0.33	3.68
610000	14.55	5.74	16.45	4.08	47.99
620000	46.17	47.8	26.47	3.64	98.02
630000	44.22	35.87	14.47	27.89	73.94
640000	72.83	71.59	17.81	49.02	98.68
650000	88.12	99.56	24.31	28.21	101.03
660000	47.9	44.49	13.61	30.2	71.75
670000	40.21	39.93	13.88	8.15	61.3
680000	91.89	97.48	12.51	59.64	99.11
690000	54.64	47.45	23.6	23.44	94.98
700000	60.34	59.84	14.02	39.19	87.37
710000	89.98	95.6	10.16	69.4	96.93
720000	77.76	95.78	24.31	32.16	97.86
730000	93.73	96.05	6.24	77.37	98.26
740000	87.97	95.11	14.74	55.03	96.38
750000	76.86	88.68	24.65	26.04	97.92
760000	91.81	94.59	9.01	64.9	95.98
770000	85.68	95.46	20.88	35.34	97.12
780000	93.27	94.39	5.57	76.94	96.85
790000	78.77	95.05	24.08	40.99	97.42
800000	87.17	95.09	17.87	39.92	97.69
810000	78.68	93.08	20.77	42.32	98.07
820000	93.14	95.01	5.84	75.88	97.21
830000	83.63	95.33	17.76	43.35	97.2
840000	95.28	95.24	0.98	93.8	97.28
850000	95.52	95.49	0.79	94.22	96.72
860000	80.36	95.43	21.68	36.45	98.2
870000	93.66	94.38	3.43	83.67	96.08
880000	94.86	94.93	0.71	93.66	95.8
890000	95.72	95.56	0.93	94.21	97.2
900000	95.46	95.56	0.88	93.8	96.47
910000	90.69	94.88	13.8	49.41	96.99
920000	95.13	95.07	0.79	94.18	96.57
930000	94.34	94.01	0.95	93.01	95.81
940000	94.83	95.06	0.6	93.79	95.69
950000	95.79	95.49	0.71	94.99	97.04
960000	94.97	94.82	0.87	93.94	96.49
970000	94.68	94.56	0.62	93.72	96.03
980000	92.85	94.56	5.68	76.01	96.95
990000	95.8	95.74	0.9	94.78	97.69
1000000	94.51	94.55	0.88	92.95	95.74
1010000	94.72	94.71	0.82	93.34	96.05
1020000	94.57	94.58	0.37	93.95	95.11
1030000	94.37	94.07	0.88	93.37	96.04
1040000	94.95	95.07	0.35	94.16	95.37
1050000	94.85	95.24	1.11	92.7	95.88
1060000	94.31	94.32	0.58	93.31	95.0
1070000	94.25	93.98	0.66	93.43	95.58
1080000	94.98	95.04	0.76	93.73	96.08
1090000	90.24	93.45	10.36	59.19	94.95
1100000	94.52	94.6	0.74	92.57	95.27
1110000	95.27	95.42	0.4	94.51	95.69
1120000	94.63	94.63	0.8	93.43	95.79
1130000	94.13	94.35	0.7	92.76	95.15
1140000	93.69	93.58	0.62	92.77	95.17
1150000	94.64	94.45	1.56	92.03	97.58
1160000	94.13	94.14	0.49	93.34	95.15
1170000	94.47	94.58	0.54	93.57	95.31
1180000	89.82	93.63	11.61	54.99	94.2
1190000	94.61	94.68	0.76	93.31	95.73
1200000	93.76	93.48	0.79	92.95	95.18
1210000	94.35	94.19	0.79	93.05	95.7
1220000	93.65	93.53	0.55	93.03	95.14
1230000	93.75	93.76	0.23	93.28	94.09
1240000	93.91	93.91	0.45	93.05	94.59
1250000	93.95	93.65	0.77	93.11	95.65
1260000	93.88	93.97	0.78	92.57	95.14
1270000	92.97	93.0	0.51	92.2	93.7
1280000	94.22	94.08	0.62	93.38	95.54
1290000	94.2	94.04	0.59	93.55	95.77
1300000	94.29	94.53	0.51	93.44	94.81
1310000	93.46	93.3	0.8	92.41	95.11
1320000	94.59	94.77	0.84	93.03	95.8
1330000	93.9	93.84	0.3	93.51	94.42
1340000	93.74	93.55	0.56	93.07	95.08
1350000	93.8	93.63	0.89	92.81	95.9
1360000	93.51	93.37	0.42	92.87	94.18
1370000	94.33	94.42	0.99	92.8	95.73
1380000	93.35	93.31	0.44	92.58	94.17
1390000	93.45	93.46	0.43	92.9	94.48
1400000	94.13	94.03	0.84	92.61	95.69
1410000	93.8	93.86	0.41	93.15	94.59
1420000	93.59	93.34	0.56	92.99	94.7
1430000	93.99	93.83	0.57	93.31	95.24
1440000	94.61	94.71	1.07	92.8	96.23
1450000	93.68	93.58	0.46	93.07	94.68
1460000	93.59	93.45	0.84	92.68	95.88
1470000	93.82	93.74	0.46	93.23	94.88
1480000	93.96	94.03	0.84	92.49	95.44
1490000	93.46	93.32	0.5	92.65	94.43
1500000	93.81	93.45	0.87	92.79	95.03
1510000	93.46	93.51	0.47	92.66	94.35
1520000	94.12	94.15	0.74	93.0	95.18
1530000	94.51	94.6	1.15	92.51	96.03
1540000	93.95	93.87	0.5	93.07	94.93
1550000	93.82	93.84	0.71	92.73	95.47
1560000	93.73	93.55	0.52	93.0	94.56
1570000	93.78	93.53	0.69	92.87	95.18
1580000	93.49	93.3	0.61	92.9	94.9
1590000	93.76	93.74	0.62	92.81	94.76
1600000	93.66	93.67	0.63	92.57	94.67
1610000	93.7	93.54	0.77	92.73	95.16
1620000	94.02	93.95	0.44	93.28	94.7
1630000	94.2	94.37	0.74	93.13	95.38
1640000	94.32	94.41	0.86	92.85	95.94
1650000	93.76	93.79	0.68	92.46	94.88
1660000	93.77	93.81	0.36	93.12	94.32
1670000	93.35	93.34	0.35	92.74	94.07
1680000	93.73	93.76	0.67	92.93	95.25
1690000	93.99	93.8	0.83	92.99	96.12
1700000	93.92	93.74	0.46	93.39	94.98
1710000	93.77	93.62	0.52	92.99	94.6
1720000	93.83	93.84	0.55	92.82	94.69
1730000	93.78	93.78	0.52	92.8	94.47
1740000	93.97	93.93	0.65	93.11	95.12
1750000	94.01	94.01	0.44	93.12	94.69
1760000	93.92	93.9	0.45	93.22	94.88
1770000	93.72	93.82	0.58	92.84	94.6
1780000	93.96	93.68	0.78	93.04	95.73
1790000	94.32	94.32	0.93	92.77	95.99
1800000	93.8	93.82	0.46	93.08	94.37
1810000	94.42	94.28	0.48	93.9	95.58
1820000	93.82	93.86	0.43	93.0	94.33
1830000	94.37	94.57	0.65	92.97	95.25
1840000	93.73	93.59	0.65	92.8	95.04
1850000	93.79	93.78	0.6	92.88	94.84
1860000	94.08	93.98	0.65	93.12	95.23
1870000	93.96	93.81	0.43	93.38	94.65
1880000	93.99	93.95	0.41	93.39	94.78
1890000	94.04	93.98	0.77	92.92	95.26
1900000	94.28	94.39	0.42	93.67	94.83
1910000	93.75	93.83	0.69	92.75	95.2
1920000	94.24	94.42	0.69	92.9	95.05
1930000	93.79	93.75	0.65	93.02	95.42
1940000	94.03	93.89	0.78	93.02	95.79
1950000	93.88	93.69	0.72	92.89	95.57
1960000	94.43	94.48	0.71	92.92	95.5
1970000	94.44	94.45	0.81	92.96	96.11
1980000	94.38	94.82	0.72	93.15	95.0
1990000	93.75	93.67	0.25	93.55	94.44
2000000	94.32	94.12	0.8	93.09	95.87
