steps	mean	median	std	min	max
0	0.01	0.0	0.08	-0.1	0.19
10000	3.5	2.62	2.19	0.14	8.11
20000	-0.14	-0.14	0.01	-0.16	-0.13
30000	-0.16	-0.16	0.01	-0.17	-0.13
40000	-0.35	-0.19	0.4	-1.07	0.19
50000	0.24	-0.07	0.74	-0.1	2.39
60000	0.71	0.61	0.48	0.2	1.92
70000	-0.15	-0.15	0.0	-0.16	-0.14
80000	2.06	-0.07	4.0	-0.1	10.69
90000	-0.47	-0.5	0.13	-0.67	-0.19
100000	-0.13	-0.12	0.0	-0.13	-0.12
110000	-0.14	-0.14	0.01	-0.16	-0.13
120000	1.16	1.1	0.3	0.65	1.79
130000	4.26	4.07	2.37	1.19	8.86
140000	-0.11	-0.11	0.01	-0.12	-0.1
150000	-0.09	-0.09	0.0	-0.09	-0.08
160000	2.54	4.15	2.15	-0.11	4.54
170000	3.52	3.8	1.85	1.27	6.82
180000	-0.15	-0.15	0.01	-0.17	-0.15
190000	5.78	6.38	3.93	0.5	11.46
200000	20.86	17.81	5.83	16.92	36.44
210000	84.52	91.27	13.41	51.02	92.97
220000	90.08	91.16	5.49	74.07	94.48
230000	32.05	30.65	9.37	18.33	54.55
240000	20.28	18.51	11.51	5.86	50.05
250000	18.11	18.91	9.79	4.34	34.27
260000	4.09	4.1	0.23	3.71	4.36
270000	1.88	1.69	0.74	1.39	4.07
280000	3.93	4.56	2.21	0.91	6.81
290000	4.41	4.53	2.53	1.06	7.87
300000	19.62	17.88	12.27	1.52	52.52
310000	74.72	83.0	18.79	36.08	90.92
320000	60.3	75.65	36.36	5.15	95.74
330000	28.29	27.68	9.8	10.78	40.45
340000	47.33	44.72	22.46	23.9	103.86
350000	5.29	5.33	0.48	4.51	6.21
360000	4.44	4.91	2.57	1.36	7.67
370000	11.11	10.91	0.89	9.76	13.06
380000	10.64	9.13	2.93	7.69	16.76
390000	17.22	15.36	7.9	8.87	35.05
400000	7.71	7.83	0.72	6.35	8.51
410000	31.82	14.12	37.09	7.98	106.04
420000	15.46	8.93	14.59	6.44	56.51
430000	10.94	11.17	2.84	6.59	14.02
440000	9.19	8.94	1.77	7.31	13.94
450000	9.03	9.04	0.41	8.44	9.76
460000	47.77	19.16	43.82	8.56	104.48
470000	7.9	7.67	0.89	6.71	9.72
480000	8.6	8.72	0.69	7.6	9.95
490000	9.04	8.32	2.99	7.08	17.84
500000	9.05	8.92	0.37	8.54	9.78
510000	8.91	8.85	0.83	8.17	11.19
520000	9.74	9.55	0.65	8.95	10.73
530000	9.89	9.61	1.52	8.01	13.94
540000	40.22	33.67	26.36	10.3	84.36
550000	31.25	23.87	13.65	18.06	54.66
560000	34.13	25.5	24.16	16.5	103.3
570000	23.91	17.74	13.02	16.57	59.85
580000	47.17	26.95	34.2	17.46	111.25
590000	34.89	21.33	29.71	16.7	109.54
600000	28.14	24.64	9.35	16.51	47.56
610000	41.31	38.02	10.33	25.38	63.07
620000	35.02	29.66	20.64	17.59	88.36
630000	32.17	32.1	9.01	20.45	48.76
640000	59.36	54.1	19.95	34.75	107.59
650000	34.7	26.15	19.84	17.85	81.19
660000	42.78	35.2	24.06	19.69	105.69
670000	60.75	58.23	15.96	37.01	94.63
680000	53.35	51.7	16.89	29.73	88.35
690000	52.48	55.31	16.04	24.72	81.03
700000	42.98	42.77	6.34	33.5	54.89
710000	55.25	48.18	17.07	35.36	98.56
720000	41.54	42.05	12.19	24.64	57.99
730000	47.94	44.32	13.14	31.76	74.94
740000	56.6	49.03	16.5	39.37	96.13
750000	58.19	56.53	5.37	52.03	70.82
760000	79.89	73.95	19.35	51.93	105.88
770000	44.75	45.07	5.92	34.67	54.22
780000	77.56	88.66	23.18	35.09	103.75
790000	85.96	93.28	19.32	47.34	105.7
800000	51.12	47.41	10.2	40.53	68.23
810000	75.92	62.56	20.43	50.97	105.98
820000	55.81	55.37	5.18	45.77	64.96
830000	93.47	99.64	13.67	64.17	103.64
840000	50.7	52.18	6.01	37.27	60.67
850000	82.45	78.17	15.0	62.25	106.05
860000	56.27	58.71	10.98	24.09	64.56
870000	54.15	53.48	7.73	41.3	65.65
880000	54.95	51.94	16.49	40.46	98.21
890000	46.76	45.32	4.2	40.76	55.93
900000	60.19	56.09	11.47	49.1	80.77
910000	41.82	41.16	5.25	36.84	55.19
920000	62.55	61.83	10.03	50.85	86.45
930000	58.88	59.66	8.01	45.57	72.5
940000	54.85	52.43	9.21	40.16	73.42
950000	62.85	61.05	16.85	35.09	107.08
960000	47.34	47.92	4.92	39.47	54.71
970000	57.69	55.0	8.43	50.38	78.48
980000	53.23	52.8	2.63	48.37	56.98
990000	52.14	49.79	9.11	41.54	70.6
1000000	62.34	60.04	10.55	47.04	82.49
1010000	83.51	86.33	17.09	54.73	101.96
1020000	54.76	53.92	6.88	45.64	67.85
1030000	67.83	61.09	17.63	47.79	102.97
1040000	53.69	51.57	5.79	44.91	65.85
1050000	67.62	68.07	10.0	52.29	89.38
1060000	74.42	68.45	19.95	49.56	104.42
1070000	53.18	50.46	7.92	44.39	72.44
1080000	64.13	60.79	15.54	48.08	104.14
1090000	65.41	62.14	15.58	48.47	106.41
1100000	87.81	91.91	19.25	60.73	107.57
1110000	72.23	67.3	16.79	55.65	106.22
1120000	54.54	51.39	7.67	45.17	69.42
1130000	104.76	104.69	0.49	103.81	105.65
1140000	81.56	80.16	18.81	49.85	106.56
1150000	94.69	103.89	16.27	60.47	106.51
1160000	64.34	59.66	14.18	50.52	93.82
1170000	102.44	104.71	4.97	91.92	106.33
1180000	97.53	102.77	9.55	78.87	106.45
1190000	100.95	105.25	12.28	64.27	106.33
1200000	101.92	104.91	9.34	73.95	105.78
1210000	79.6	78.61	17.53	52.31	103.62
1220000	103.58	103.54	0.34	103.05	104.31
1230000	91.95	102.83	20.13	55.01	107.48
1240000	104.76	104.98	0.87	102.45	106.05
1250000	103.26	103.03	0.87	102.28	104.93
1260000	103.64	105.25	5.25	88.1	106.77
1270000	104.39	104.87	1.67	100.01	106.07
1280000	102.13	106.51	11.13	68.97	106.74
1290000	103.99	104.4	1.66	99.32	105.09
1300000	104.71	106.52	5.34	88.73	107.27
1310000	103.48	104.49	2.63	96.57	105.71
1320000	103.13	103.29	0.83	101.55	104.28
1330000	105.64	105.74	0.54	104.67	106.38
1340000	101.41	104.63	10.26	70.71	106.12
1350000	105.08	105.41	1.12	102.42	106.08
1360000	103.88	103.46	0.96	102.41	105.49
1370000	102.85	103.85	3.76	91.69	105.19
1380000	104.55	104.69	0.65	102.99	105.46
1390000	102.73	102.44	0.86	101.32	104.12
1400000	103.21	103.3	0.85	101.33	104.2
1410000	104.4	104.62	1.67	99.7	106.11
1420000	103.75	103.98	1.17	100.77	104.92
1430000	103.29	103.27	1.14	100.82	105.28
1440000	103.02	103.14	1.25	100.37	104.36
1450000	103.52	104.03	1.33	99.9	104.61
1460000	103.22	104.04	2.69	95.32	105.27
1470000	103.83	104.09	1.19	101.3	105.31
1480000	105.23	105.56	0.96	103.05	106.61
1490000	102.9	102.69	0.93	101.52	104.87
1500000	103.19	103.74	1.22	100.96	104.96
1510000	104.68	105.01	1.34	100.94	105.65
1520000	102.96	103.93	2.23	98.08	104.82
1530000	103.92	103.9	0.73	102.53	104.91
1540000	102.71	102.77	0.59	101.86	103.41
1550000	105.23	105.22	0.56	104.49	106.45
1560000	104.65	105.1	1.44	100.6	105.88
1570000	101.66	104.15	6.65	81.83	104.51
1580000	103.85	104.45	1.89	98.41	105.08
1590000	104.33	104.41	1.05	101.61	105.81
1600000	104.53	104.93	1.27	101.07	105.54
1610000	103.22	104.18	3.25	93.7	105.3
1620000	103.7	104.07	1.25	100.21	104.78
1630000	103.96	104.41	1.48	100.47	105.14
1640000	102.76	103.99	3.37	94.2	106.01
1650000	103.69	103.74	0.84	101.59	104.51
1660000	103.91	104.68	2.15	97.93	105.66
1670000	103.74	104.16	1.57	99.24	104.97
1680000	103.56	103.7	0.91	101.35	104.55
1690000	103.78	103.67	0.6	102.51	104.88
1700000	104.12	104.43	0.98	102.21	105.71
1710000	104.43	104.44	0.24	104.02	104.81
1720000	103.15	103.83	1.87	98.93	105.01
1730000	104.1	104.26	0.59	102.98	105.13
1740000	104.93	104.93	0.55	104.21	106.24
1750000	104.76	104.71	0.38	104.06	105.43
1760000	103.59	103.66	1.08	101.37	105.34
1770000	104.6	104.83	1.01	102.14	106.11
1780000	104.1	104.93	2.29	97.47	105.64
1790000	105.61	105.36	0.76	104.78	107.28
1800000	104.43	104.45	0.5	103.61	105.26
1810000	104.75	105.53	2.14	98.6	106.24
1820000	104.33	104.47	1.76	99.31	105.91
1830000	104.61	105.78	3.51	94.23	106.56
1840000	105.25	105.28	0.65	104.31	106.62
1850000	105.05	105.12	0.54	104.1	106.06
1860000	105.0	104.97	0.61	103.6	105.95
1870000	105.01	104.95	0.59	104.24	106.45
1880000	104.84	105.22	1.23	101.82	106.3
1890000	105.48	105.58	0.99	103.51	106.51
1900000	105.34	105.34	0.45	104.74	106.02
1910000	105.5	105.44	0.7	104.08	106.87
1920000	105.13	105.28	1.41	101.27	106.84
1930000	105.08	105.46	1.83	99.83	106.74
1940000	104.01	104.86	2.71	96.0	105.73
1950000	105.04	104.84	0.72	103.88	106.18
1960000	105.34	105.12	0.64	104.65	106.87
1970000	105.2	105.23	0.65	104.33	106.25
1980000	105.17	105.09	0.51	104.33	106.03
1990000	104.96	105.44	1.49	101.73	106.46
2000000	105.16	105.25	0.52	104.17	105.98
