steps	mean	median	std	min	max
0	-0.13	-0.13	0.04	-0.2	-0.07
10000	2.16	1.32	2.52	-0.03	9.31
20000	2.28	2.21	1.83	-0.2	4.68
30000	-0.12	-0.12	0.0	-0.12	-0.12
40000	-0.14	-0.15	0.01	-0.16	-0.13
50000	-0.05	0.03	0.42	-0.87	0.75
60000	-0.19	-0.19	0.08	-0.36	-0.08
70000	-0.37	-0.25	0.42	-1.25	0.28
80000	-0.08	-0.16	0.18	-0.26	0.32
90000	0.14	0.11	0.12	-0.01	0.38
100000	18.12	18.17	2.05	14.46	21.1
110000	-0.13	-0.13	0.01	-0.15	-0.11
120000	27.2	20.98	8.41	19.26	41.62
130000	69.17	74.7	21.11	34.25	91.44
140000	-0.1	-0.1	0.02	-0.12	-0.07
150000	0.54	0.58	0.17	0.17	0.72
160000	9.15	9.92	3.68	2.04	13.54
170000	-0.12	-0.12	0.01	-0.13	-0.1
180000	7.21	7.21	2.94	1.02	10.98
190000	8.3	12.25	6.52	0.16	15.5
200000	4.83	3.55	2.47	2.96	10.08
210000	3.14	1.2	3.54	1.03	10.88
220000	0.23	0.23	0.02	0.19	0.26
230000	1.75	1.67	0.51	1.07	2.66
240000	19.81	17.7	8.33	12.66	42.39
250000	46.89	44.28	19.38	18.11	99.24
260000	1.21	-0.11	2.08	-0.12	5.55
270000	3.42	3.51	0.71	2.61	4.5
280000	4.82	4.55	1.71	2.38	8.9
290000	15.2	12.81	8.39	5.98	31.57
300000	8.26	8.52	2.47	4.22	12.18
310000	11.07	7.12	7.87	5.43	30.4
320000	4.8	4.63	1.8	2.37	9.41
330000	5.26	4.18	3.69	2.21	13.13
340000	8.25	5.77	5.92	0.26	17.84
350000	9.68	5.61	12.86	0.6	45.18
360000	0.49	0.36	0.43	0.13	1.71
370000	2.1	0.52	4.67	0.33	16.08
380000	2.65	0.38	6.83	0.19	23.13
390000	10.41	2.64	11.82	0.38	29.29
400000	2.38	0.89	3.22	0.36	10.73
410000	14.71	14.89	5.04	6.53	24.5
420000	21.58	23.36	8.01	7.61	30.78
430000	0.62	0.59	0.16	0.36	0.97
440000	12.92	8.23	8.67	5.12	33.61
450000	3.17	1.15	6.02	0.45	21.15
460000	26.44	16.35	26.46	5.9	80.4
470000	9.72	10.44	8.33	0.35	26.06
480000	1.36	0.5	2.36	0.43	8.42
490000	16.79	12.77	13.86	0.93	50.08
500000	3.62	1.24	5.04	0.23	15.33
510000	2.69	0.74	5.98	0.12	20.57
520000	18.97	11.25	16.19	0.37	50.82
530000	0.22	0.21	0.09	0.05	0.33
540000	31.91	30.05	14.99	11.64	59.93
550000	29.58	17.97	19.08	11.18	58.82
560000	11.89	12.09	1.56	8.66	13.82
570000	40.33	34.58	14.36	22.9	69.38
580000	41.02	34.31	17.77	24.26	87.36
590000	46.48	46.13	4.3	39.64	55.76
600000	42.37	48.04	19.6	10.88	69.21
610000	48.75	47.9	7.98	37.62	60.37
620000	45.41	48.55	25.93	8.57	100.26
630000	61.07	60.03	15.09	42.73	99.99
640000	58.28	59.73	23.34	14.82	107.61
650000	93.56	96.05	10.43	68.43	103.69
660000	77.69	69.09	23.73	46.59	109.59
670000	85.5	97.12	24.56	28.06	100.02
680000	94.97	105.3	15.39	68.8	108.48
690000	76.93	73.33	18.96	53.23	108.14
700000	90.89	101.1	17.75	55.11	104.54
710000	100.32	106.45	11.97	72.75	109.27
720000	79.42	75.69	23.38	51.8	107.11
730000	72.8	68.47	12.3	60.74	104.42
740000	97.96	97.42	1.85	96.26	103.03
750000	68.63	63.75	12.26	51.22	89.32
760000	100.95	101.38	1.42	98.52	102.68
770000	82.24	82.57	14.03	59.78	107.89
780000	101.54	105.82	11.52	67.38	106.79
790000	90.25	99.16	15.53	59.36	102.83
800000	97.55	97.41	1.26	95.65	99.67
810000	95.75	98.69	9.77	66.67	101.75
820000	95.69	95.91	0.86	94.08	97.04
830000	96.81	96.87	1.48	94.67	99.33
840000	90.29	98.15	15.09	65.83	106.93
850000	96.35	95.68	1.36	94.82	99.35
860000	103.29	104.96	3.0	98.21	106.17
870000	96.52	96.66	1.07	94.98	98.73
880000	101.49	102.71	3.88	94.52	106.32
890000	95.36	95.39	1.18	93.63	96.98
900000	96.51	96.63	1.12	94.98	98.22
910000	95.31	95.3	0.71	94.21	96.91
920000	96.41	96.58	1.1	94.56	98.6
930000	96.11	95.83	1.58	94.17	99.44
940000	97.74	97.96	1.28	94.63	99.47
950000	97.81	98.0	1.66	94.61	100.48
960000	94.52	94.52	1.33	92.56	96.98
970000	94.82	94.68	1.65	92.11	96.92
980000	96.15	96.65	1.5	94.0	98.3
990000	98.65	96.68	4.21	94.16	104.7
1000000	95.36	95.03	1.09	93.82	97.16
1010000	99.19	99.5	1.98	95.61	102.43
1020000	96.75	96.28	1.56	95.21	100.39
1030000	95.72	95.55	1.39	94.28	99.39
1040000	93.49	93.34	0.55	92.93	94.84
1050000	95.23	95.0	1.48	93.73	99.19
1060000	94.54	94.68	0.65	93.49	95.6
1070000	95.33	95.11	1.01	94.0	96.9
1080000	94.85	94.9	0.53	94.12	95.88
1090000	95.26	95.24	0.67	94.4	96.9
1100000	93.62	93.63	0.43	92.8	94.16
1110000	94.39	94.65	0.49	93.38	94.91
1120000	93.36	93.29	0.66	92.47	94.89
1130000	95.93	95.99	0.87	94.53	97.51
1140000	95.54	94.83	1.64	94.14	98.68
1150000	94.93	95.13	0.72	93.3	95.76
1160000	94.45	94.31	0.83	93.53	95.84
1170000	94.08	94.29	0.88	92.61	95.49
1180000	94.85	94.87	0.9	93.37	96.81
1190000	95.05	95.19	1.16	93.44	97.07
1200000	93.71	93.42	0.59	92.84	94.78
1210000	95.58	95.72	0.97	93.97	97.52
1220000	94.46	94.44	0.82	93.19	95.8
1230000	95.58	95.26	0.91	94.52	97.78
1240000	95.94	95.89	1.76	93.05	99.47
1250000	94.69	94.43	0.73	93.63	96.3
1260000	96.52	96.05	1.32	94.71	98.61
1270000	95.1	95.26	0.61	93.79	95.82
1280000	94.67	94.54	0.47	94.08	95.63
1290000	94.68	94.92	0.71	93.56	95.58
1300000	94.57	94.58	0.61	93.6	95.93
1310000	94.05	93.9	0.77	93.08	95.9
1320000	94.05	94.06	0.62	93.04	95.33
1330000	94.67	94.49	0.7	93.69	96.07
1340000	94.6	94.57	0.46	93.73	95.43
1350000	94.2	94.17	0.66	93.26	95.45
1360000	95.17	95.12	0.62	94.09	96.44
1370000	94.89	94.95	0.69	93.59	95.95
1380000	95.13	95.09	0.49	94.26	95.91
1390000	94.75	94.68	0.88	93.39	96.14
1400000	95.04	94.92	0.59	94.3	96.22
1410000	94.35	93.97	0.67	93.66	95.72
1420000	95.75	95.7	0.9	94.22	97.45
1430000	95.37	95.31	0.68	94.2	96.61
1440000	94.97	94.9	0.45	94.55	96.12
1450000	95.46	95.38	0.61	94.81	96.83
1460000	94.66	94.56	0.4	94.05	95.31
1470000	95.32	95.45	0.61	94.1	96.0
1480000	95.19	95.31	0.55	94.35	96.13
1490000	94.69	94.54	0.68	93.8	96.53
1500000	94.97	94.8	0.96	93.84	97.48
1510000	95.32	95.04	1.06	93.52	97.04
1520000	95.82	95.9	0.8	94.49	97.42
1530000	95.56	95.43	0.44	94.98	96.45
1540000	95.63	96.04	0.97	93.98	96.8
1550000	95.01	94.73	0.54	94.26	95.95
1560000	95.55	95.42	0.75	94.52	97.23
1570000	95.51	95.42	1.0	94.14	97.47
1580000	95.78	95.92	0.76	94.46	96.97
1590000	95.94	96.06	0.79	94.64	97.32
1600000	95.63	95.82	0.6	94.67	96.44
1610000	95.98	96.12	0.7	94.83	96.91
1620000	95.01	95.08	0.51	93.9	95.86
1630000	87.85	95.6	23.7	16.76	97.08
1640000	95.83	95.63	0.83	94.7	98.02
1650000	95.85	95.88	1.06	93.87	97.6
1660000	95.92	95.97	0.32	95.19	96.43
1670000	95.81	95.52	0.97	94.36	97.27
1680000	95.83	95.81	0.54	94.96	96.63
1690000	95.81	95.94	0.87	93.71	96.88
1700000	95.76	95.93	0.75	94.43	96.73
1710000	89.5	95.78	19.78	30.17	97.23
1720000	96.25	96.27	0.73	95.14	97.56
1730000	95.96	96.03	0.33	95.45	96.43
1740000	95.73	95.71	0.7	93.93	96.53
1750000	95.33	95.64	0.75	93.84	96.27
1760000	96.04	95.59	0.93	94.62	97.46
1770000	95.62	95.67	0.9	94.13	97.34
1780000	88.01	95.92	23.73	16.84	96.73
1790000	95.58	95.5	0.81	94.08	96.64
1800000	95.62	95.77	0.69	94.26	96.44
1810000	95.79	96.05	0.62	94.4	96.67
1820000	95.62	95.69	0.82	94.18	96.93
1830000	95.26	95.01	0.89	94.15	97.03
1840000	95.64	95.71	0.75	94.53	97.36
1850000	95.65	95.52	0.7	94.59	97.19
1860000	95.93	95.77	0.88	93.94	97.26
1870000	95.69	95.83	0.56	94.58	96.33
1880000	95.52	95.73	0.53	94.35	95.97
1890000	95.74	95.55	0.68	94.91	97.19
1900000	95.9	95.92	0.83	94.89	97.64
1910000	96.06	96.07	0.73	95.05	97.17
1920000	95.62	95.63	0.57	94.53	96.44
1930000	96.12	95.69	0.98	95.22	98.78
1940000	95.39	95.37	0.81	93.84	96.56
1950000	95.23	95.1	0.63	94.37	96.4
1960000	95.2	95.32	0.88	93.77	96.43
1970000	96.1	96.12	0.4	95.54	96.89
1980000	95.74	95.63	0.51	94.98	96.6
1990000	95.82	95.88	0.69	94.47	96.81
2000000	95.7	95.59	0.67	94.55	96.88
