steps	mean	median	std	min	max
0	-0.18	-0.19	0.1	-0.32	-0.02
10000	2.26	0.45	4.14	-0.37	13.25
20000	-0.15	-0.15	0.01	-0.17	-0.14
30000	-0.12	-0.12	0.0	-0.12	-0.12
40000	6.97	7.06	5.3	-0.14	16.25
50000	0.23	-0.0	0.49	-0.1	1.24
60000	2.73	2.42	1.02	1.57	4.82
70000	26.36	30.87	12.06	7.09	39.53
80000	-0.02	-0.02	0.02	-0.04	0.01
90000	-0.09	-0.09	0.01	-0.11	-0.07
100000	7.48	7.45	2.13	2.32	10.17
110000	-0.11	-0.11	0.01	-0.12	-0.1
120000	-0.07	-0.08	0.02	-0.11	-0.04
130000	0.13	0.29	0.55	-1.1	0.83
140000	0.05	0.03	0.07	-0.03	0.23
150000	13.29	3.17	16.13	1.78	48.59
160000	-0.14	-0.13	0.01	-0.14	-0.13
170000	-0.11	-0.11	0.0	-0.11	-0.1
180000	2.27	1.22	4.68	-0.09	16.17
190000	0.7	0.69	0.14	0.48	0.94
200000	3.21	3.07	2.9	-0.08	7.43
210000	-0.1	-0.1	0.01	-0.1	-0.08
220000	11.21	13.87	8.25	0.13	22.78
230000	29.66	29.02	15.76	6.47	62.24
240000	64.37	80.18	40.68	5.28	108.22
250000	29.52	26.64	11.65	13.4	43.01
260000	21.17	22.77	11.85	3.94	38.65
270000	13.44	10.1	9.36	3.05	31.11
280000	33.48	33.76	4.32	27.83	41.97
290000	10.86	6.89	8.52	-0.08	27.24
300000	11.72	7.45	10.69	-0.1	34.91
310000	22.4	24.39	4.9	12.96	29.02
320000	20.1	22.08	12.16	1.14	40.98
330000	39.89	33.58	18.63	6.68	68.24
340000	5.5	5.56	0.26	4.99	5.79
350000	5.54	5.47	0.88	4.47	7.79
360000	19.22	11.83	18.13	5.01	62.53
370000	16.74	6.82	30.97	4.24	109.57
380000	19.58	17.97	8.96	8.68	40.0
390000	14.71	12.2	8.64	8.29	38.63
400000	18.22	8.46	29.71	6.98	107.32
410000	9.01	8.91	0.42	8.55	10.0
420000	76.44	106.64	38.8	8.85	107.56
430000	86.27	105.57	28.4	25.22	107.0
440000	82.06	104.87	35.69	22.66	106.19
450000	57.7	56.77	48.01	8.33	109.42
460000	76.81	85.17	31.7	23.49	107.48
470000	57.26	53.14	19.72	21.09	95.46
480000	81.16	83.8	28.58	21.15	110.05
490000	42.37	48.77	15.55	20.85	64.37
500000	53.58	51.55	16.13	18.92	79.29
510000	63.0	62.77	17.48	37.18	92.2
520000	39.99	41.74	10.09	21.44	55.98
530000	49.62	50.14	6.64	35.51	59.84
540000	53.19	53.12	6.85	42.82	68.21
550000	82.45	79.74	15.98	57.44	109.29
560000	54.82	53.86	9.48	39.08	77.31
570000	43.89	44.6	9.78	24.29	57.0
580000	91.36	102.19	17.68	49.81	104.41
590000	56.04	51.99	10.15	48.53	82.8
600000	43.37	44.16	12.39	19.08	57.36
610000	53.07	48.54	13.85	36.51	79.19
620000	51.21	57.44	13.65	28.16	67.77
630000	68.02	61.3	11.42	57.57	91.62
640000	56.81	54.76	5.03	50.54	66.76
650000	92.09	95.77	12.01	56.21	98.77
660000	76.8	76.27	10.83	62.43	93.9
670000	71.53	73.4	11.34	58.86	93.89
680000	85.43	99.13	28.68	22.58	102.73
690000	61.0	61.96	6.53	51.07	70.62
700000	88.01	93.01	11.63	61.44	99.71
710000	86.09	89.76	12.14	67.25	102.56
720000	85.97	98.2	26.62	23.02	104.09
730000	91.49	97.18	12.23	62.87	101.55
740000	88.77	101.01	21.82	32.57	102.41
750000	48.69	47.2	21.86	25.67	85.56
760000	98.93	99.06	0.72	97.52	99.92
770000	72.82	96.2	31.1	22.75	97.78
780000	78.13	78.43	6.9	65.72	91.69
790000	100.86	100.77	0.61	99.8	102.03
800000	88.94	97.98	22.85	22.52	101.12
810000	88.32	94.51	19.78	29.05	97.02
820000	99.37	100.35	3.99	87.65	103.0
830000	96.59	96.34	1.39	95.02	99.94
840000	88.36	94.52	19.33	30.38	96.19
850000	93.13	95.52	8.25	68.5	97.12
860000	88.35	95.13	21.44	24.07	96.74
870000	94.36	94.38	1.33	92.7	96.43
880000	94.92	95.05	0.7	93.86	95.89
890000	85.51	94.55	19.73	34.42	97.02
900000	77.39	95.59	28.64	25.78	96.86
910000	84.54	94.18	22.76	25.28	101.41
920000	95.23	95.32	0.7	93.68	96.26
930000	95.18	94.95	0.94	93.97	96.6
940000	88.05	94.67	19.98	28.18	96.03
950000	88.82	95.72	21.07	25.67	97.51
960000	93.84	93.96	0.81	92.54	94.95
970000	95.33	95.17	0.62	94.51	96.36
980000	94.66	94.79	0.65	93.37	95.61
990000	94.73	94.73	0.67	93.67	96.35
1000000	95.66	95.51	0.97	94.52	97.35
1010000	95.06	94.93	0.58	94.26	95.92
1020000	95.51	95.41	0.86	94.39	97.1
1030000	94.51	94.35	0.7	93.67	95.83
1040000	95.01	95.25	1.07	93.11	96.98
1050000	94.16	94.15	0.51	93.19	95.09
1060000	94.56	94.41	0.83	93.24	96.18
1070000	95.02	94.8	0.98	93.9	96.91
1080000	96.11	96.56	1.03	94.37	97.78
1090000	95.39	95.34	1.31	93.51	98.22
1100000	94.97	95.23	1.09	92.68	96.25
1110000	95.04	94.8	0.55	94.44	96.32
1120000	93.67	93.8	0.68	92.49	94.49
1130000	94.87	95.17	0.8	93.72	95.79
1140000	93.69	94.64	2.56	86.19	95.29
1150000	94.72	94.68	1.17	92.85	97.08
1160000	89.22	95.11	18.16	34.76	96.56
1170000	93.8	93.66	0.58	93.08	94.82
1180000	95.28	95.04	0.86	94.31	96.99
1190000	95.04	95.27	0.81	93.85	96.02
1200000	94.91	95.11	0.47	94.08	95.48
1210000	93.19	92.95	0.66	92.34	94.36
1220000	95.02	94.97	0.69	93.54	96.35
1230000	94.52	94.47	0.9	93.25	96.03
1240000	94.91	94.96	0.49	93.98	95.7
1250000	95.39	95.34	1.27	93.36	97.8
1260000	96.59	94.81	3.85	93.61	105.22
1270000	95.63	95.75	0.6	94.16	96.6
1280000	88.87	94.95	18.05	34.73	95.4
1290000	93.79	93.66	0.76	92.77	95.36
1300000	94.62	94.86	0.74	93.23	95.61
1310000	93.56	93.53	0.56	92.33	94.2
1320000	93.9	93.95	0.46	93.07	94.87
1330000	93.75	93.65	0.89	92.5	95.38
1340000	94.73	94.87	0.53	93.78	95.36
1350000	94.81	94.65	0.68	93.57	96.07
1360000	94.23	94.05	0.49	93.64	95.07
1370000	95.14	95.23	0.93	93.25	97.15
1380000	95.29	95.18	1.04	93.98	97.81
1390000	94.79	94.96	0.93	92.76	96.1
1400000	94.82	94.83	0.71	93.62	96.07
1410000	94.99	95.06	1.27	92.28	96.99
1420000	94.1	94.06	0.91	92.43	95.69
1430000	94.44	94.32	0.84	93.23	96.03
1440000	94.52	94.29	0.73	93.57	95.63
1450000	93.93	93.73	0.95	92.85	95.79
1460000	94.74	94.56	0.63	93.96	96.24
1470000	94.08	94.01	1.14	92.18	96.29
1480000	94.24	94.19	0.48	93.62	95.08
1490000	94.22	94.19	0.55	93.5	94.99
1500000	94.17	94.01	0.44	93.48	94.97
1510000	94.78	94.71	0.48	94.1	95.55
1520000	94.28	94.41	0.87	92.95	95.61
1530000	93.97	93.97	0.69	92.81	94.91
1540000	94.64	94.83	0.83	92.33	95.3
1550000	94.23	94.42	0.55	93.19	95.01
1560000	94.24	94.28	0.8	92.78	95.18
1570000	94.26	94.11	0.8	93.13	95.27
1580000	93.88	93.83	1.04	92.43	95.83
1590000	94.04	94.13	0.34	93.38	94.65
1600000	94.61	93.99	0.93	93.8	96.24
1610000	94.26	94.35	0.64	93.16	95.14
1620000	94.6	94.69	0.88	93.33	96.26
1630000	94.27	94.52	0.73	92.88	95.41
1640000	94.67	94.83	0.69	93.16	95.5
1650000	93.92	94.11	0.87	92.26	95.38
1660000	95.1	94.81	0.9	93.83	97.13
1670000	94.36	94.34	0.59	93.51	95.72
1680000	94.36	94.52	0.71	92.64	95.46
1690000	94.21	94.18	0.28	93.79	94.77
1700000	93.93	94.0	1.01	91.96	95.53
1710000	94.36	94.53	0.58	93.35	95.06
1720000	93.91	93.87	0.98	92.37	95.23
1730000	93.89	93.58	0.73	92.87	95.16
1740000	94.19	94.31	0.93	92.58	95.35
1750000	94.36	94.19	0.83	93.55	96.62
1760000	93.94	93.87	0.71	92.57	94.88
1770000	94.61	94.9	1.03	92.18	96.03
1780000	94.15	94.08	0.64	93.3	95.53
1790000	94.29	94.52	0.61	93.03	94.9
1800000	94.83	95.04	0.79	93.79	96.62
1810000	94.38	94.4	0.61	93.38	95.39
1820000	94.63	94.68	0.48	93.88	95.44
1830000	93.81	93.87	0.48	92.65	94.47
1840000	94.48	94.36	0.72	93.6	95.52
1850000	94.52	94.57	0.91	92.94	96.4
1860000	94.42	94.4	0.65	93.37	95.38
1870000	94.58	94.49	0.56	93.25	95.19
1880000	94.22	94.29	0.7	92.53	95.23
1890000	94.8	94.71	0.7	93.61	96.01
1900000	94.86	95.0	0.6	94.01	95.68
1910000	94.49	94.49	0.97	92.59	95.9
1920000	94.43	94.25	1.02	92.88	96.47
1930000	94.9	94.92	0.52	94.26	96.06
1940000	94.51	94.7	0.9	92.45	95.81
1950000	94.79	95.12	0.75	93.44	95.76
1960000	94.99	94.96	0.55	94.04	95.89
1970000	95.18	94.68	2.02	93.16	100.62
1980000	94.79	94.85	0.69	93.82	95.79
1990000	94.52	94.36	0.73	93.84	96.48
2000000	93.99	94.26	0.9	92.54	95.74
